ccode,predicted_conflict_2025,prob_0,prob_1,prob_2
2,0,0.7155937515778581,0.21664001220345436,0.06776623621868566
20,0,0.7953656544079513,0.16291547813743623,0.04171886745460997
40,0,0.7841530406579316,0.15626040547046297,0.05958655387160437
41,0,0.44419851015496375,0.39468694572990687,0.1611145441151314
42,0,0.7334822585709301,0.19514623957550653,0.07137150185356185
51,0,0.8771881137117006,0.09907000055936663,0.023741885728931864
52,0,0.8514616938612862,0.11724208311304471,0.031296223025666856
70,0,0.7434661876353985,0.18872143026047505,0.06781238210412521
90,0,0.7181079192123522,0.19681970352444625,0.08507237726320033
91,0,0.8087322401131029,0.13395025645318115,0.05731750343371567
92,0,0.8587404882443398,0.10937399647515572,0.03188551528050418
93,0,0.7981079567216764,0.14698577809052513,0.054906265187797836
94,0,0.8792350688904768,0.08940435227065563,0.03136057883886561
95,0,0.8742902951998137,0.09521305396506052,0.03049665083512366
100,1,0.1314347234588522,0.6404303792521455,0.2281348972890002
101,0,0.6813136918930853,0.23423152391762617,0.08445478418928737
110,0,0.8414570650785513,0.1117721760830996,0.04677075883834624
130,0,0.7174630367196496,0.20186105483745367,0.08067590844289509
135,0,0.7648971489092687,0.1848255035979069,0.05027734749282185
140,0,0.7029945112273863,0.22463123998402298,0.07237424878858893
145,0,0.6927448736777726,0.2049731928853733,0.10228193343685371
150,0,0.8440420198441401,0.11753626848417607,0.038421711671682394
155,0,0.8448608536835284,0.11554887127565826,0.039590275040811626
160,0,0.8320457022874399,0.13408733223946845,0.03386696547309055
165,0,0.8820011503813092,0.09621312545438775,0.021785724164302352
200,0,0.7409899950305976,0.1878794141876056,0.07113059078179536
205,0,0.8980834442305382,0.07904062240453996,0.022875933364921414
210,0,0.852328864439258,0.10970021567347082,0.03797091988726918
211,0,0.8313339915231097,0.11777139806552286,0.050894610411366246
225,0,0.8748601683063277,0.09408138856838011,0.031058443125290092
230,0,0.7849732151952543,0.1706255404410344,0.04440124436370919
235,0,0.8745782681520751,0.0948581892114261,0.03056354263649687
255,0,0.8402508219971438,0.1267973169018694,0.03295186110098578
290,0,0.8336816921437662,0.12133847215129315,0.04497983570494121
305,0,0.8755466196773871,0.08903313043402065,0.035420249888590466
310,0,0.8377533772767898,0.11207254577166272,0.050174076951546506
316,0,0.8727857115125037,0.09320405315853858,0.034010235328955925
317,0,0.8429895659278271,0.1085191733607375,0.04849126071143448
325,0,0.8059837235535493,0.14652102357788568,0.04749525286856618
339,0,0.865588217279479,0.09610118763909557,0.03831059508142582
343,0,0.8511593709494099,0.10442332128944393,0.04441730776114508
344,0,0.8607509881197621,0.09950507007078255,0.03974394180945584
346,0,0.7365172326099344,0.1935192952938382,0.06996347209622619
349,0,0.8559411994517029,0.09970539488479416,0.044353405663501905
350,0,0.8416364085194111,0.11339105762413332,0.04497253385645611
352,0,0.853533276516751,0.09912228764513867,0.04734443583810917
355,0,0.8400939085927617,0.10982146163097532,0.05008462977626193
359,0,0.8476976221998344,0.10767371429887328,0.044628663501291174
360,0,0.8481178049114145,0.10591785402969467,0.04596434105889095
365,1,0.12874872489354997,0.537675830494327,0.3335754446121214
366,0,0.8642889730984064,0.09299958038626249,0.04271144651533011
367,0,0.8336378110770539,0.11793781034271544,0.04842437858023028
368,0,0.860327635484706,0.09596214305227976,0.04371022146301346
369,0,0.6228244579978477,0.26894610042098005,0.10822944158117136
370,0,0.7159272506871468,0.1962944218745507,0.08777832743830173
371,0,0.7432816494416898,0.18394476663667367,0.07277358392163659
372,0,0.7866617167980121,0.15454938872734703,0.05878889447463929
373,1,0.36141764525335174,0.4528157485051263,0.18576660624152463
375,0,0.8918413070187945,0.08284792164741267,0.025310771333791903
380,0,0.8816698562703571,0.08975672212389794,0.028573421605743186
385,0,0.8955651222865108,0.07941785312937664,0.02501702458411175
390,0,0.8930743948960931,0.08184124636184369,0.025084358742062638
402,0,0.8461126789216639,0.10716558939906172,0.04672173167927354
404,0,0.6542262158947235,0.24373676353172352,0.1020370205735559
420,0,0.6586500844380297,0.2394365121657475,0.10191340339622565
432,2,0.08238658394712141,0.2653122412646282,0.6523011747882564
433,0,0.5595154728526965,0.2779397002584221,0.16254482688888414
434,1,0.20274916119170328,0.4936187586662313,0.3036320801420705
435,0,0.6313048115541524,0.26486414297741,0.10383104546843765
436,2,0.09671221655460402,0.32203958230344587,0.581248201141955
437,0,0.5295237108123747,0.2941772709199672,0.17629901826766234
438,0,0.6088169404372148,0.25040028496104727,0.14078277460174038
439,2,0.08224792304550078,0.27030569623284917,0.6474463807216564
450,0,0.6491466667789613,0.24568946021561522,0.10516387300542661
451,0,0.6408963343795644,0.2533900739696347,0.1057135916508038
452,0,0.5912737287399282,0.25320344745098194,0.15552282380909282
461,1,0.20192404512686746,0.5041783724251262,0.2938975824480117
475,2,0.08674422293033969,0.28604913909374036,0.6272066379759257
481,0,0.7412485569390403,0.1785604507473198,0.08019099231363931
482,1,0.16360664426003257,0.4869048147120401,0.34948854102793137
483,1,0.21328528892589094,0.4835153851697585,0.30319932590435444
484,0,0.6342746700619306,0.2606763991490201,0.10504893078904975
490,2,0.09552512975155095,0.2508924324240222,0.6535824378244306
500,0,0.4108788871788606,0.390943506084509,0.19817760673663332
501,1,0.15795164901586556,0.5697724135553168,0.27227593742882045
510,0,0.535589340480942,0.290241061442241,0.17416959807682056
516,1,0.14425989018213423,0.5584776499993918,0.297262459818478
517,1,0.12598872723912752,0.5175631087592752,0.35644816400160195
520,2,0.08839752698197391,0.2327999938386785,0.6788024791793515
522,0,0.748154191682894,0.17516167469653815,0.07668413362056828
530,2,0.06702181989594008,0.23955593108959128,0.6934222490144714
531,0,0.5591115291853399,0.2641292715921042,0.17675919922255698
540,1,0.26847210019730544,0.45572193959776486,0.27580596020493386
551,0,0.5845303765907292,0.2551694250074923,0.16030019840178109
552,0,0.5741403322307854,0.26917244503462684,0.15668722273459165
553,0,0.5469347929809176,0.29141126763145386,0.16165393938763326
560,0,0.7691334870413852,0.18387315889575578,0.04699335406285674
565,0,0.8083280521647559,0.14107065632738994,0.050601291507852454
570,0,0.8122305518693004,0.13105946252279227,0.05670998560790656
571,0,0.7654817090316522,0.16364433481263824,0.07087395615570967
572,0,0.8340598304498995,0.1249036186561566,0.04103655089394199
580,0,0.6093766403428842,0.2567408954847847,0.13388246417233368
581,0,0.6875940014285065,0.22785011372630565,0.08455588484519065
590,0,0.8950993640810705,0.07751793596656306,0.02738269995236449
600,0,0.6706760101141892,0.23217977265569165,0.09714421723011829
615,0,0.5151400337364312,0.32524110956671143,0.15961885669685805
616,0,0.7368200740570352,0.1920822538802784,0.0710976720626875
620,0,0.6027718007927598,0.23958368354285345,0.15764451566438384
625,2,0.050341864365467164,0.32855786889232724,0.6211002667422111
630,1,0.13381348247711278,0.605321150824655,0.2608653666982353
640,1,0.11766079460933267,0.6023366869825055,0.2800025184081617
645,1,0.12580301096804933,0.5359342448509224,0.3382627441810285
651,0,0.5163190097933926,0.3101345113938158,0.17354647881279597
652,2,0.095209326947768,0.3081414953973203,0.5966491776549175
660,0,0.6864339429091707,0.2179143394916977,0.09565171759913409
663,0,0.6903593997992347,0.20763675405822618,0.10200384614254172
666,2,0.11007685644805539,0.41935584245613294,0.4705673010958136
670,0,0.677492701739578,0.21822523502075813,0.10428206323966194
690,0,0.7393223131168721,0.17782769185844238,0.0828499950246848
692,0,0.7256345815966097,0.18124959166943305,0.09311582673395653
694,0,0.7216325708818713,0.1873204784362503,0.09104695068187617
696,0,0.7260793813802242,0.18613306282742556,0.08778755579234752
698,0,0.7240973953041422,0.18851245666127073,0.08739014803458656
700,2,0.07457425581936139,0.21764292899917617,0.7077828151814662
701,0,0.6203998272300977,0.24536466399705648,0.13423550877284776
702,0,0.6592228487597797,0.2435579573291219,0.09721919391110047
703,0,0.7697622075169089,0.15639557352234779,0.07384221896074328
704,0,0.5961809463130746,0.25618347844068545,0.14763557524624327
705,0,0.6047836721864,0.26068671053084985,0.13452961728275045
710,0,0.6785440672845443,0.2210289134287554,0.10042701928669934
712,0,0.8665360753141769,0.10047307312550222,0.03299085156031884
731,0,0.7132001188422901,0.19473729428020697,0.0920625868775033
732,0,0.8314338503702912,0.12726684757875864,0.04129930205095058
740,0,0.8346126996488021,0.1331878522570903,0.032199448094106534
760,0,0.8138264999941177,0.13204432147177503,0.05412917853410731
770,2,0.07697452307295762,0.2649129558943709,0.6581125210326765
771,0,0.6464401349862916,0.25475914162112234,0.09880072339258993
775,2,0.14587402119933998,0.37135016950764516,0.48277580929301905
780,0,0.6604489968189688,0.21941513016371306,0.1201358730173168
790,0,0.5767797520981968,0.27782326984130346,0.14539697806050234
800,1,0.10660491858842666,0.6694484553140291,0.2239466260975449
811,0,0.6250591387599453,0.24824171004310816,0.1266991511969503
812,0,0.64149505167965,0.23327164392427133,0.12523330439608046
816,0,0.6781221784071945,0.23345353855702214,0.08842428303578348
820,0,0.7175561662512798,0.19653451768570282,0.08590931606301677
830,0,0.7182774012283537,0.19783280631490388,0.0838897924567413
840,2,0.10415782977579717,0.2751270410718686,0.6207151291523352
850,1,0.16586988955663604,0.6719152313956834,0.1622148790476805
860,0,0.8186128307233957,0.1254123724584859,0.055974796818118205
900,0,0.7779228035573731,0.17663343483620408,0.045443761606420725
920,0,0.8581042987550029,0.10754935061877977,0.034346350626215376
940,0,0.8520452756056841,0.10796302913483163,0.03999169525948466
950,0,0.7657505302189509,0.16455646255552567,0.06969300722552042
